stockCode	totalDoc
000012	251
000020	183
000027	403
000050	577
000055	762
000058	850
000060	530
000078	19
000153	0
000159	344
000301	683
000338	3630
000423	83
000488	1863
000510	217
000519	0
000523	6
000531	414
000543	0
000545	0
000550	27
000553	142
000566	819
000570	0
000571	448
000576	31
000590	0
000591	15
000597	187
000599	2
000600	0
000619	487
000623	4
000635	128
000637	2
000639	291
000650	254
000661	0
000666	9
000672	161
000683	67
000698	144
000707	1
000708	308
000716	5
000722	18
000725	58
000733	4
000737	3
000755	16
000756	615
000758	60
000766	42
000778	72
000780	103
000782	12
000788	14
000789	1
000790	0
000792	439
000806	383
000807	6
000811	33
000821	0
000830	2
000875	956
000878	1
000885	0
000887	3
000890	55
000893	23
000895	140
000910	20
000911	0
000912	31
000922	4
000930	0
000937	128
000939	0
000960	3
000969	181
000972	9
000973	225
000976	18
000983	786
000985	339
000988	19
000990	0
000999	276
002001	41
002002	822
002006	126
002008	533
002010	16
002011	0
002014	97
002020	0
002021	10
002025	1
002026	1
002028	581
002031	66
002039	299
002043	852
002045	31
002046	284
002047	27
002054	1083
002056	2238
002057	22
002064	1
002066	0
002067	68
002073	62
002074	1
002075	9
002078	0
002090	0
002092	607
002099	1
002101	1
002103	0
002108	345
002110	321
002112	9
002118	0
002121	5
002128	56
002132	0
002136	1
002138	629
002139	10
002152	873
002164	340
002165	188
002167	43
002169	18
002176	0
002177	0
002179	0
002180	0
002182	0
002184	0
002189	3
002203	5
002205	131
002206	0
002209	693
002217	637
002221	0
002224	0
002225	3
002226	15
002227	134
002233	135
002240	689
002241	800
002246	0
002248	45
002259	1
002262	9
002266	1012
002271	47
002272	0
002273	0
002275	5
002282	462
002286	0
002287	0
002294	0
002295	0
002300	0
002308	0
002309	1
002317	14
002318	0
002322	2
002326	780
002329	0
002330	13
002332	1
002335	123
002339	1
002340	797
002342	302
002347	0
002350	804
002352	2
002353	224
002359	0
002361	2
002364	0
002370	0
002372	691
002374	0
002377	0
002378	0
002380	508
002382	12
002389	0
002390	1
002392	71
002393	309
002395	1
002402	0
002406	0
002407	198
002409	558
002411	0
002412	416
002422	0
002427	2
002430	72
002436	666
002437	84
002438	0
002440	4
002443	203
002449	244
002450	0
002452	0
002453	243
002455	26
002457	0
002459	475
002460	35
002466	260
002471	0
002472	1
002476	0
002478	35
002479	490
002483	929
002487	28
002490	0
002496	0
002497	741
002498	0
002499	0
002506	31
002512	0
002520	0
002529	0
002530	0
002531	20
002534	18
002539	1026
002541	0
002546	1
002552	73
002554	0
002571	1
002573	27
002579	298
002580	192
002582	498
002585	0
002587	19
002588	387
002591	0
002594	55
002596	0
002597	540
002598	0
002600	0
002601	60
002603	2
002604	0
002606	214
002613	0
002614	0
002619	0
002623	12
002630	0
002631	0
002632	14
002637	4
002644	459
002645	102
002648	1
002650	0
002651	544
002653	1
002655	139
002660	88
002664	163
002665	0
002670	0
002671	0
002675	0
002683	523
002684	1736
002688	41
002689	23
002690	0
002691	0
002693	289
002694	4
002695	4
002723	0
002743	0
002745	13
002749	3
002756	32
002772	2
002782	0
002787	44
002810	4
002818	83
300001	0
300004	785
300006	30
300007	327
300014	119
300016	701
300019	388
300021	58
300024	79
300026	155
300031	31
300034	15
300035	0
300037	226
300041	0
300046	557
300048	0
300053	777
300054	11
300056	22
300057	41
300062	4
300064	12
300066	2
300067	0
300068	29
300072	659
300073	73
300080	1
300082	739
300084	725
300088	2
300090	0
300093	52
300099	0
300102	365
300103	40
300105	416
300109	81
300110	1
300114	76
300116	0
300118	116
300120	289
300125	0
300129	0
300130	83
300132	434
300135	0
300138	1
300140	0
300145	6
300146	912
300149	0
300151	4
300153	11
300156	0
300157	548
300158	16
300159	0
300162	354
300169	0
300173	0
300174	4
300181	0
300185	139
300191	490
300192	55
300193	2
300194	4
300196	513
300199	850
300200	96
300201	9
300202	11
300216	250
300217	2
300218	0
300222	0
300227	9
300228	9
300232	1
300233	14
300236	0
300241	572
300252	23
300257	460
300263	0
300266	0
300267	139
300272	64
300274	1
300276	0
300281	45
300283	9
300285	0
300286	56
300289	507
300293	77
300301	55
300306	98
300323	0
300327	1064
300334	2
300338	0
300340	14
300344	255
300351	0
300356	13
300357	285
300360	43
300361	0
300362	45
300368	0
300370	586
300371	440
300372	20
300374	22
300376	64
300381	26
300394	0
300395	0
300398	2
300400	0
300402	55
300403	0
300406	278
300408	9
300409	0
300410	3
300411	1
300415	1
300416	239
300421	158
300429	0
300437	2
300439	45
300441	146
300447	0
300450	0
300452	22
300463	17
300466	3
300470	0
300471	0
300472	30
300474	0
300480	0
300484	0
300485	2
300486	0
300490	0
300491	10
300509	4
300512	0
300515	8
300527	165
300530	0
300534	0
300539	0
300558	55
600005	80
600010	0
600019	79
600021	258
600023	41
600031	0
600062	165
600069	0
600071	2
600073	0
600075	0
600078	0
600080	82
600085	36
600095	88
600096	704
600101	342
600103	223
600104	44
600105	58
600111	11
600114	577
600116	19
600117	101
600121	29
600123	8268
600126	41
600127	0
600131	974
600141	4
600143	0
600157	0
600160	879
600165	1
600169	4
600171	719
600176	197
600184	2
600188	1761
600189	2
600191	40
600192	0
600200	210
600211	495
600216	20
600219	2
600222	0
600226	1128
600227	526
600235	473
600237	113
600243	0
600249	6
600252	0
600256	53
600267	246
600268	191
600277	461
600282	945
600285	0
600290	572
600293	0
600295	0
600298	464
600302	0
600305	59
600308	68
600309	692
600315	149
600321	0
600328	2
600330	113
600343	147
600352	0
600353	605
600356	133
600362	777
600366	171
600367	0
600378	0
600379	147
600380	2
600387	0
600388	32
600389	365
600396	0
600399	10
600405	115
600406	0
600408	928
600409	193
600418	1054
600419	1
600420	0
600423	409
600433	259
600456	217
600458	423
600469	49
600470	0
600475	139
600477	755
600486	177
600488	5
600489	41
600496	965
600497	398
600500	753
600513	55
600516	0
600521	202
600526	0
600531	0
600535	8
600538	0
600547	3
600558	56
600560	75
600563	206
600569	0
600582	350
600583	464
600586	0
600589	8
600592	132
600594	545
600595	1
600597	459
600609	6
600615	0
600619	412
600636	26
600644	32
600653	0
600664	43
600668	22
600671	2
600674	0
600688	147
600703	0
600707	0
600719	76
600720	0
600740	0
600746	36
600765	0
600783	99
600789	5
600795	1446
600796	490
600801	456
600802	191
600808	10
600819	14
600835	786
600860	38
600867	0
600868	47
600869	0
600872	18
600875	5
600877	66
600881	96
600884	857
600885	588
600886	8
600889	209
600961	16
600969	81
600970	80
600971	175
600979	0
600980	60
600985	0
600992	0
600997	0
601001	5
601011	27
601015	0
601016	608
601020	99
601038	1304
601058	483
601100	219
601106	40
601113	0
601137	94
601163	187
601168	9
601179	5
601206	0
601216	1
601218	189
601222	549
601225	58
601233	0
601311	0
601313	71
601369	0
601558	0
601567	1294
601600	3988
601608	280
601633	112
601636	12
601677	127
601700	0
601727	9
601808	218
601899	2661
601958	304
601969	0
601985	23
601989	546
601991	1588
601992	1723
601996	273
603002	354
603011	6
603012	53
603060	714
603088	0
603169	0
603188	0
603227	15
603288	169
603299	34
603338	334
603366	0
603399	0
603456	0
603566	0
603601	2
603618	0
603658	38
603669	212
603703	228
603718	0
603766	802
603798	1
603799	0
603806	10
603866	0
603968	12
603979	0
603998	255