000012
000027
000050
000078
000153
000423
000519
000523
000543
000545
000550
000553
000570
000576
000590
000591
000597
000599
000600
000623
000637
000661
000666
000672
000698
000707
000716
000725
000733
000737
000755
000756
000766
000778
000780
000782
000788
000789
000790
000792
000807
000811
000821
000830
000878
000885
000887
000890
000893
000895
000910
000911
000912
000922
000930
000939
000960
000969
000972
000973
000976
000983
000985
000988
000990
000999
002001
002006
002010
002020
002021
002025
002026
002031
002039
002045
002047
002057
002064
002066
002067
002073
002074
002075
002090
002099
002101
002103
002110
002112
002118
002121
002128
002132
002136
002167
002169
002176
002177
002179
002180
002182
002184
002189
002203
002205
002206
002221
002224
002225
002226
002227
002233
002246
002248
002259
002262
002271
002272
002273
002275
002286
002287
002294
002295
002300
002308
002309
002317
002318
002322
002329
002330
002332
002335
002339
002342
002347
002353
002361
002364
002370
002374
002377
002378
002390
002395
002402
002406
002411
002422
002427
002437
002438
002440
002443
002450
002452
002455
002457
002460
002471
002472
002476
002478
002487
002496
002498
002499
002506
002512
002520
002529
002530
002531
002534
002541
002546
002552
002554
002571
002573
002582
002587
002588
002591
002596
002598
002600
002601
002603
002604
002613
002614
002619
002623
002630
002631
002632
002637
002648
002650
002653
002660
002664
002665
002670
002671
002675
002688
002689
002690
002691
002694
002695
002723
002743
002745
002749
002756
002772
002782
002787
002810
300001
300006
300021
300024
300031
300034
300035
300041
300048
300056
300057
300062
300064
300066
300067
300068
300073
300080
300088
300090
300093
300099
300103
300110
300114
300116
300118
300125
300130
300135
300138
300140
300145
300149
300151
300153
300156
300158
300159
300162
300169
300173
300185
300193
300194
300201
300202
300217
300218
300222
300227
300228
300232
300233
300236
300252
300263
300266
300272
300274
300276
300283
300285
300286
300301
300306
300323
300334
300338
300340
300351
300356
300361
300368
300372
300374
300376
300381
300394
300395
300398
300400
300402
300403
300406
300408
300409
300410
300415
300429
300437
300439
300441
300447
300450
300452
300463
300466
300470
300471
300472
300474
300480
300484
300485
300486
300490
300491
300509
300512
300515
300527
300530
300534
300558
600005
600010
600019
600023
600031
600069
600071
600073
600075
600078
600085
600101
600103
600111
600116
600117
600121
600127
600143
600157
600165
600169
600184
600189
600192
600216
600219
600222
600237
600243
600249
600252
600256
600268
600285
600293
600295
600298
600302
600305
600308
600328
600343
600352
600356
600367
600378
600379
600380
600387
600388
600396
600399
600406
600419
600420
600456
600470
600475
600488
600489
600497
600513
600516
600521
600526
600531
600535
600538
600547
600558
600569
600586
600592
600595
600609
600615
600636
600644
600653
600664
600668
600674
600688
600703
600720
600740
600746
600765
600789
600795
600801
600808
600819
600860
600867
600869
600872
600875
600877
600881
600886
600961
600969
600970
600971
600979
600985
600992
600997
601001
601011
601015
601016
601020
601106
601113
601168
601179
601206
601216
601225
601233
601311
601313
601369
601558
601600
601608
601636
601677
601700
601727
601958
601969
601985
601992
603011
603088
603169
603188
603227
603288
603299
603366
603399
603456
603566
603601
603618
603658
603718
603798
603806
603866
603968
603979
603998