600028
000538
000630
600098
600435
002219
600079
600332
000883
000825
600395
000970
600297
600873
002276
000703
600578
000539
600426
002122
600572
002643
000629
600110
600403
000401
600517
000059
600490
600392
600259
002408
601918
002647
600618
600667
002168
600759
000400
002249
002511
600812
002481
000068
000717
600550
600329
000936
000049
000518
000727
600363
600508
000572
000819
600993
000584
600557
000919
000533
600634
000902
600509
000925
300160
000676
600452
000920
002171
000422
000565
600230
600678
600135
002037
600995
600112
002082
000952
300086
002527
002278
600847
300111
000795
002053
000822
002611
300349
600212
600966
601069
300476
000837
000899
600882
002068
600449
000589
000953
600714
600076
002661
002523
600579
002137
300097
600505
300018
002435
002526
002365
000958
002207
002584
601127
600339
300069
300249
603100
600539
002766
300457
600281
600883
300436
600781
000693
000004
000723
600793
000595
300321
600727
603355
603567
002088
000862
000420
002753
002719
300489
603520
002346
603015
300412
002706
600758
002742
002806
002257
300478
600182
000155
603556
300060